5

15 28
89
3 22
12 21
5 0
9 26
1 10
0 23
6 18
0 18
4 15
14 0
10 25
8 26
14 3
5 19
1 24
7 25
1 11
14 27
7 11
11 13
0 10
2 8
2 13
4 1
14 10
6 15
6 6
3 6
10 8
10 23
7 22
12 27
3 25
10 21
10 24
6 15
12 19
7 2
4 24
8 23
13 14
1 2
12 22
5 19
10 22
8 11
2 21
4 21
12 1
8 22
9 18
5 10
3 12
6 5
13 22
8 18
11 6
9 17
2 2
3 6
0 3
3 21
8 2
5 12
0 1
11 26
9 5
3 22
6 10
7 22
11 27
10 13
13 2
2 16
13 21
10 9
7 7
2 26
11 10
5 10
9 1
11 4
1 1
13 0
1 12
6 6
3 20
6 4
6 6
1000 100

75 68
92
34 33
17 31
21 12
47 3
29 37
32 35
63 6
74 32
0 1
36 63
12 52
15 8
42 65
3 0
51 37
33 61
31 51
30 0
42 48
12 47
15 47
72 44
6 61
26 38
49 33
42 50
23 29
9 1
26 45
1 27
29 59
15 46
70 5
5 37
67 16
33 1
29 15
0 34
35 20
6 21
20 8
31 9
61 47
50 64
58 34
71 46
65 66
39 64
53 44
73 54
39 60
14 49
59 16
47 57
37 25
43 16
36 64
8 22
17 26
60 32
67 41
52 41
1 47
47 61
24 10
71 5
12 61
22 11
15 10
34 21
16 1
13 40
70 33
29 39
35 40
43 63
25 20
37 61
4 40
13 15
47 59
33 21
46 64
65 24
66 67
74 56
40 40
63 36
74 46
49 26
74 32
1 32
1000 100

81 100
39
20 44
2 72
44 85
76 75
51 85
64 9
10 15
65 51
29 23
24 92
23 3
75 46
46 81
71 62
2 50
7 2
49 25
71 75
21 84
53 68
34 77
49 30
23 98
10 31
77 10
8 56
19 40
4 67
38 14
10 99
0 31
58 9
40 32
80 45
47 84
75 75
71 23
77 61
15 95
1000 100

22 52
97
4 39
12 23
4 19
15 30
2 22
17 11
1 26
9 39
9 23
11 30
10 40
11 44
12 4
11 16
17 37
5 15
1 38
6 33
13 14
8 46
18 7
4 51
11 43
2 31
3 14
0 6
16 4
1 41
18 37
1 13
14 20
19 29
7 47
10 31
2 12
2 10
4 6
21 37
9 37
20 20
7 42
11 19
19 16
18 22
14 9
16 41
8 23
10 4
13 12
5 33
0 16
4 2
8 17
2 23
19 43
9 42
14 16
1 31
11 28
9 26
1 47
21 0
2 0
14 5
17 7
1 34
8 49
7 19
2 1
5 47
12 12
4 11
5 26
4 42
11 35
19 8
4 26
20 8
0 50
18 48
19 25
4 13
17 0
6 5
21 24
11 36
18 11
2 44
17 22
11 47
14 25
11 16
18 39
10 8
8 28
5 42
5 10
1000 100

94 8
51
9 7
39 5
41 3
24 5
20 4
85 2
80 1
59 7
31 7
55 6
77 5
7 5
65 2
22 7
32 3
54 3
48 5
50 4
18 6
11 7
77 0
19 4
31 3
17 4
72 1
23 1
5 0
61 0
7 4
36 4
21 0
9 4
73 3
78 2
25 0
55 2
35 2
89 4
54 3
72 2
44 4
16 4
9 0
17 5
4 1
29 0
58 7
81 4
32 5
43 1
75 5
1000 100

