5

52 50
83
22 16
5 27
30 3
19 6
35 3
19 32
28 19
35 9
25 49
0 30
9 40
23 32
43 37
11 37
31 2
10 39
20 22
8 21
14 26
10 42
0 26
3 18
23 43
36 37
30 0
14 26
47 41
44 21
48 0
20 49
35 29
45 40
4 33
25 28
44 13
9 36
14 48
35 1
34 6
25 29
11 49
21 30
15 3
12 3
4 23
9 14
49 42
23 25
30 38
49 27
9 24
10 16
41 19
32 8
17 39
4 21
9 41
43 1
3 42
49 36
29 7
3 29
37 42
50 21
17 5
24 31
49 2
18 10
13 44
9 35
43 44
46 6
6 22
24 20
47 33
48 10
9 38
34 30
41 37
26 16
41 38
42 30
22 31
1000 100

24 19
23
16 4
12 8
20 16
6 5
8 6
3 11
3 0
15 0
14 15
10 2
16 1
4 10
0 11
17 5
18 4
19 1
17 8
21 0
16 16
1 13
14 15
21 18
18 14
1000 100

89 21
79
52 1
64 1
9 6
10 19
57 18
73 19
31 7
8 7
43 11
4 20
11 11
21 4
64 0
37 4
20 5
15 16
16 2
61 0
61 14
53 20
64 16
65 8
68 2
69 7
77 16
26 16
74 4
74 4
76 12
17 19
1 8
83 10
63 8
47 12
2 16
61 18
27 13
69 18
82 12
42 13
71 19
66 15
10 16
83 9
46 14
63 10
33 20
53 11
19 16
19 0
31 0
80 18
37 15
10 15
56 7
6 2
75 5
65 20
50 14
49 13
76 15
87 1
75 4
3 18
22 13
56 1
2 6
62 8
23 4
66 19
46 3
45 13
11 20
33 13
74 11
64 14
74 12
38 3
51 0
1000 100

80 41
81
78 15
25 10
75 33
26 7
19 11
4 40
53 22
33 6
73 7
17 32
79 13
69 12
1 27
69 1
74 30
30 23
18 10
14 26
44 13
38 8
9 34
44 21
4 40
0 20
27 17
73 4
32 2
19 40
14 38
20 32
28 13
70 2
71 13
47 28
73 26
2 36
58 19
62 21
8 28
2 29
27 40
31 0
36 22
50 13
61 20
33 26
29 0
3 16
4 22
79 37
78 9
43 32
33 28
74 0
15 19
12 23
51 15
39 29
26 23
78 32
22 24
24 38
12 9
72 17
33 29
32 40
27 7
25 19
12 32
61 40
46 19
10 1
56 37
9 18
6 21
54 2
45 28
62 19
55 25
31 16
67 15
1000 100

38 62
23
32 40
8 43
31 16
7 13
36 34
0 43
8 16
16 16
8 12
23 1
8 8
25 44
20 41
31 43
36 27
16 40
3 22
17 36
9 12
14 27
13 8
13 49
10 29
1000 100

