5

4 65
70
3 19
3 21
2 17
3 55
3 12
2 4
2 40
1 5
1 43
2 46
2 44
2 28
1 56
3 27
1 7
0 13
0 54
2 19
3 35
2 28
3 15
0 27
2 22
1 53
0 2
3 62
0 48
1 3
3 23
1 44
0 5
1 30
3 22
3 47
0 51
0 55
0 31
3 7
1 3
0 46
0 7
2 63
3 18
1 26
2 46
0 12
3 26
3 18
1 10
2 48
1 57
1 22
2 59
3 54
0 45
2 46
2 61
3 36
2 53
0 30
2 40
3 42
1 64
0 27
3 17
2 48
0 0
0 53
0 11
0 3
1000 100

15 56
53
0 36
7 41
7 3
12 48
4 36
7 23
6 7
4 11
3 27
3 49
6 3
8 12
11 12
0 5
11 47
0 21
10 3
0 51
14 17
8 8
10 28
10 39
8 25
9 44
6 48
14 18
12 1
3 27
2 30
7 48
13 11
5 48
4 22
5 33
14 19
8 5
1 20
7 12
8 6
14 14
12 44
13 8
8 2
0 13
9 46
12 36
13 39
7 9
7 13
6 0
6 15
14 38
14 23
1000 100

81 79
35
13 53
74 28
72 20
45 64
12 69
22 71
75 69
34 3
47 44
43 55
32 9
26 40
10 3
22 20
34 68
69 69
23 20
70 0
0 11
22 44
3 62
42 58
61 35
7 5
4 45
46 42
21 9
16 56
8 43
74 76
61 26
15 13
65 60
7 10
58 30
1000 100

89 99
17
73 14
22 97
79 98
64 46
88 51
20 8
80 68
83 31
37 62
84 30
88 1
4 95
25 92
54 74
31 24
79 34
26 71
1000 100

97 63
89
79 34
93 49
69 40
23 28
2 49
48 5
67 47
89 18
84 58
50 31
42 14
74 61
91 53
42 51
38 53
54 32
68 57
37 20
66 42
1 11
14 21
0 16
68 35
17 0
12 25
1 59
13 62
12 35
20 49
73 21
40 20
44 46
7 32
62 15
23 46
3 24
28 23
77 36
40 61
84 54
67 54
46 42
73 7
0 34
18 16
10 17
41 9
14 18
1 45
21 61
83 33
29 40
70 39
9 53
13 43
11 23
22 32
96 36
83 5
30 7
42 11
12 52
40 19
57 23
71 39
33 36
49 60
66 37
39 32
42 25
65 44
52 27
33 17
20 20
36 14
10 24
77 23
2 44
80 56
86 10
79 54
81 3
49 15
81 2
95 49
33 61
61 25
45 53
66 13
1000 100

